22 serialization::archive 11 0 0 6 0 0 0 13 SpaceShipRoot 0 1 0 0 0 0 0.000000000e+00 0.000000000e+00 0.000000000e+00 1.000000000e+00 1.000000000e+00 1.000000000e+00 0 0 1.000000000e+00 0.000000000e+00 0.000000000e+00 0.000000000e+00 0 0 4 1 0 1 8 21 MeshFilterDescription 1 0
0 1 0
1 0 21 9 23 MeshRendererDescription 1 0
2
3 1 38 10 20 RigidBodyDescription 1 0
4
5 3 0 0 1 11 25 SphereColliderDescription 1 0
6
7 7 1.000000000e+00 0 0 5 Floor 0 1 0.000000000e+00 -4.000000000e+00 -2.000000000e+00 5.000000000e+00 1.000000015e-01 5.000000000e+00 1.000000000e+00 0.000000000e+00 0.000000000e+00 0.000000000e+00 4 1 8
8
9 0 33 9
10
11 1 36 12 22 BoxColliderDescription 1 0
12
13 6 0 0 2.500000000e+01 5.000000000e-01 2.500000000e+01 14 22 RigidStaticDescription 1 0
14
15 4 0 0 8 FontTest 0 1 0.000000000e+00 0.000000000e+00 0.000000000e+00 1.000000000e+00 1.000000000e+00 1.000000000e+00 1.000000000e+00 0.000000000e+00 0.000000000e+00 0.000000000e+00 2 1 15 19 FontMeshDescription 1 0
16
17 9 15 hey there mate! 31 9
18
19 1 37 0 0 20 SpaceShipRoot (Copy) 0 1 3.000000000e+00 0.000000000e+00 0.000000000e+00 1.000000000e+00 1.000000000e+00 1.000000000e+00 1.000000000e+00 0.000000000e+00 0.000000000e+00 0.000000000e+00 4 1 8
20
21 0 21 9
22
23 1 38 10
24
25 3 0 0 1 11
26
27 7 1.000000000e+00 0 0 5 Light 0 1 0.000000000e+00 1.000000000e+01 1.000000000e+01 1.000000000e+00 1.000000000e+00 1.000000000e+00 1.000000000e+00 0.000000000e+00 0.000000000e+00 0.000000000e+00 1 1 16 16 LightDescription 1 0
28
29 5 1.000000000e+00 1.000000000e+00 1.000000000e+00 0 0 6 Camera 0 1 0.000000000e+00 0.000000000e+00 1.000000000e+01 1.000000000e+00 1.000000000e+00 1.000000000e+00 -4.371138829e-08 -0.000000000e+00 1.000000000e+00 -0.000000000e+00 1 1 17 17 CameraDescription 1 0
30
31 2 1.401298464e-45 3.273106766e-37 2.763092072e+19 4.591634678e-41 0 0
